ANG:0.00,0.00,0.00
AN:26,-106,-54,8,1,-258,0.00,0.00,0.00
DCM:1.00,0.00,0.00,0.00,1.00,-0.00,0.00,0.00,1.00
PRS:1017.59,-36.04,24.44
GPS:0, 0.000000, 0.000000, 0.000000, 0.000000, 0.000000
ANG:-0.02,0.02,0.00
AN:21,-105,-51,8,0,-259,0.00,0.00,0.00
DCM:1.00,-0.00,0.00,0.00,1.00,0.00,-0.00,-0.00,1.00
PRS:1017.59,-36.04,24.44
GPS:0, 0.000000, 0.000000, 0.000000, 0.000000, 0.000000
ANG:-0.02,0.04,0.00
AN:25,-107,-55,7,0,-259,0.00,0.00,0.00
DCM:1.00,-0.00,0.00,0.00,1.00,0.00,-0.00,-0.00,1.00
PRS:1017.59,-36.04,24.44
GPS:0, 0.000000, 0.000000, 0.000000, 0.000000, 0.000000
ANG:-0.02,0.04,0.00
AN:25,-107,-54,7,0,-259,0.00,0.00,0.00
DCM:1.00,-0.00,0.00,0.00,1.00,0.00,-0.00,-0.00,1.00
PRS:1017.57,-35.88,24.44
GPS:0, 0.000000, 0.000000, 0.000000, 0.000000, 0.000000
ANG:-0.02,0.03,0.00
AN:24,-107,-54,7,0,-258,0.00,0.00,0.00
DCM:1.00,-0.00,0.00,0.00,1.00,0.00,-0.00,-0.00,1.00
PRS:1017.57,-35.88,24.44
GPS:0, 0.000000, 0.000000, 0.000000, 0.000000, 0.000000
ANG:-0.02,0.03,0.00
AN:23,-108,-53,7,0,-259,0.60,-0.34,-0.40
DCM:1.00,-0.00,0.00,0.00,1.00,0.00,-0.00,-0.00,1.00
PRS:1017.57,-35.88,24.44
GPS:0, 0.000000, 0.000000, 0.000000, 0.000000, 0.000000
ANG:-0.02,0.03,0.68
AN:21,-104,-53,8,1,-259,0.60,-0.34,-0.40
DCM:1.00,-0.01,0.00,0.01,1.00,0.00,-0.00,-0.00,1.00
PRS:1017.57,-35.88,24.44
GPS:0, 0.000000, 0.000000, 0.000000, 0.000000, 0.000000
ANG:-0.04,0.05,1.34
AN:26,-107,-55,8,1,-258,0.60,-0.34,-0.40
DCM:1.00,-0.02,0.00,0.02,1.00,0.00,-0.00,-0.00,1.00
PRS:1017.55,-35.69,24.44
GPS:0, 0.000000, 0.000000, 0.000000, 0.000000, 0.000000
ANG:-0.05,0.06,1.99
AN:24,-107,-54,7,0,-259,0.60,-0.34,-0.40
DCM:1.00,-0.03,0.00,0.03,1.00,0.00,-0.00,-0.00,1.00
PRS:1017.55,-35.69,24.44
GPS:0, 0.000000, 0.000000, 0.000000, 0.000000, 0.000000
ANG:-0.05,0.05,2.62
AN:25,-107,-54,8,1,-259,0.60,-0.34,-0.40
DCM:1.00,-0.05,0.00,0.05,1.00,0.00,-0.00,-0.00,1.00
PRS:1017.55,-35.69,24.44
GPS:0, 0.000000, 0.000000, 0.000000, 0.000000, 0.000000
ANG:-0.07,0.08,3.24
AN:23,-104,-53,8,-1,-259,0.60,-0.34,-0.40
DCM:1.00,-0.06,0.00,0.06,1.00,0.00,-0.00,-0.00,1.00
PRS:1017.55,-35.69,24.44
GPS:0, 0.000000, 0.000000, 0.000000, 0.000000, 0.000000
ANG:-0.04,0.09,3.85
AN:22,-107,-53,7,1,-259,0.69,-0.37,-0.41
DCM:1.00,-0.07,0.00,0.07,1.00,0.00,-0.00,-0.00,1.00
PRS:1017.55,-35.75,24.44
GPS:0, 0.000000, 0.000000, 0.000000, 0.000000, 0.000000
ANG:-0.06,0.08,4.43
AN:23,-104,-53,7,1,-259,0.69,-0.37,-0.41
DCM:1.00,-0.08,0.00,0.08,1.00,0.00,-0.00,-0.00,1.00
PRS:1017.55,-35.75,24.44
GPS:0, 0.000000, 0.000000, 0.000000, 0.000000, 0.000000
ANG:-0.08,0.07,5.00
AN:22,-107,-52,7,-1,-259,0.69,-0.37,-0.41
DCM:1.00,-0.09,0.00,0.09,1.00,0.00,-0.00,-0.00,1.00
PRS:1017.55,-35.75,24.44
GPS:0, 0.000000, 0.000000, 0.000000, 0.000000, 0.000000
ANG:-0.05,0.07,5.54
AN:25,-106,-55,8,1,-259,0.69,-0.37,-0.41
DCM:1.00,-0.10,0.00,0.10,1.00,0.00,-0.00,-0.00,1.00
PRS:1017.55,-35.75,24.44
GPS:0, 0.000000, 0.000000, 0.000000, 0.000000, 0.000000
ANG:-0.07,0.08,6.08
AN:24,-105,-54,7,0,-258,0.69,-0.37,-0.41
DCM:0.99,-0.11,0.00,0.11,0.99,0.00,-0.00,-0.00,1.00
PRS:1017.55,-35.77,24.44
GPS:0, 0.000000, 0.000000, 0.000000, 0.000000, 0.000000
ANG:-0.06,0.07,6.61
AN:25,-108,-55,8,1,-259,0.69,-0.37,-0.41
DCM:0.99,-0.12,0.00,0.12,0.99,0.00,-0.00,-0.00,1.00
PRS:1017.55,-35.77,24.44
GPS:0, 0.000000, 0.000000, 0.000000, 0.000000, 0.000000
ANG:-0.07,0.09,7.12
AN:24,-106,-55,7,1,-258,0.76,-0.39,-0.41
DCM:0.99,-0.12,0.00,0.12,0.99,0.00,-0.00,-0.00,1.00
PRS:1017.55,-35.77,24.44
GPS:0, 0.000000, 0.000000, 0.000000, 0.000000, 0.000000
ANG:-0.09,0.08,7.60
AN:27,-107,-53,7,0,-259,0.76,-0.39,-0.41
DCM:0.99,-0.13,0.00,0.13,0.99,0.00,-0.00,-0.00,1.00
PRS:1017.55,-35.77,24.44
GPS:0, 0.000000, 0.000000, 0.000000, 0.000000, 0.000000
ANG:-0.08,0.07,8.07
AN:24,-106,-54,8,1,-259,0.76,-0.39,-0.41
DCM:0.99,-0.14,0.00,0.14,0.99,0.00,-0.00,-0.00,1.00
PRS:1017.60,-36.13,24.44
GPS:0, 0.000000, 0.000000, 0.000000, 0.000000, 0.000000
ANG:-0.09,0.08,8.52
AN:26,-108,-55,8,-1,-259,0.76,-0.39,-0.41
DCM:0.99,-0.15,0.00,0.15,0.99,0.00,-0.00,-0.00,1.00
PRS:1017.60,-36.13,24.44
GPS:0, 0.000000, 0.000000, 0.000000, 0.000000, 0.000000
ANG:-0.05,0.09,8.97
AN:28,-108,-56,8,0,-259,0.76,-0.39,-0.41
DCM:0.99,-0.16,0.00,0.16,0.99,0.00,-0.00,-0.00,1.00
PRS:1017.60,-36.13,24.44
GPS:0, 0.000000, 0.000000, 0.000000, 0.000000, 0.000000
ANG:-0.05,0.09,8.97
AN:23,-107,-54,8,-1,-259,0.76,-0.39,-0.41
DCM:0.99,-0.16,0.00,0.16,0.99,0.00,-0.00,-0.00,1.00
PRS:1017.58,-35.97,24.44
GPS:0, 0.000000, 0.000000, 0.000000, 0.000000, 0.000000
ANG:-0.05,0.09,8.97
AN:25,-106,-55,7,0,-259,0.64,-0.37,-0.41
DCM:0.99,-0.16,0.00,0.16,0.99,0.00,-0.00,-0.00,1.00
PRS:1017.56,-35.82,24.44
GPS:0, 0.000000, 0.000000, 0.000000, 0.000000, 0.000000
ANG:-0.02,0.04,11.24
AN:25,-107,-55,7,0,-259,0.64,-0.37,-0.41
DCM:0.98,-0.19,0.00,0.19,0.98,0.00,-0.00,-0.00,1.00
PRS:1017.56,-35.80,24.44
GPS:0, 0.000000, 0.000000, 0.000000, 0.000000, 0.000000
ANG:-0.02,0.04,11.68
AN:24,-106,-55,7,1,-259,0.64,-0.37,-0.41
DCM:0.98,-0.20,0.00,0.20,0.98,0.00,-0.00,-0.00,1.00
PRS:1017.56,-35.80,24.44
GPS:0, 0.000000, 0.000000, 0.000000, 0.000000, 0.000000
ANG:-0.04,0.03,12.11
AN:25,-107,-55,7,-1,-259,0.64,-0.37,-0.41
DCM:0.98,-0.21,0.00,0.21,0.98,0.00,-0.00,-0.00,1.00
PRS:1017.57,-35.89,24.44
GPS:0, 0.000000, 0.000000, 0.000000, 0.000000, 0.000000
ANG:-0.01,0.03,12.53
AN:24,-105,-53,8,0,-259,0.64,-0.37,-0.41
DCM:0.98,-0.22,0.00,0.22,0.98,0.00,-0.00,-0.00,1.00
PRS:1017.57,-35.89,24.44
GPS:0, 0.000000, 0.000000, 0.000000, 0.000000, 0.000000
ANG:-0.01,0.05,12.94
AN:23,-104,-54,7,0,-259,0.64,-0.37,-0.41
DCM:0.97,-0.22,0.00,0.22,0.97,0.00,-0.00,-0.00,1.00
PRS:1017.57,-35.89,24.44
GPS:0, 0.000000, 0.000000, 0.000000, 0.000000, 0.000000
ANG:-0.01,0.05,13.34
AN:24,-105,-55,7,0,-259,0.66,-0.37,-0.40
DCM:0.97,-0.23,0.00,0.23,0.97,0.00,-0.00,-0.00,1.00
PRS:1017.57,-35.89,24.44
GPS:0, 0.000000, 0.000000, 0.000000, 0.000000, 0.000000
ANG:-0.01,0.04,13.72
AN:27,-107,-57,7,0,-258,0.66,-0.37,-0.40
DCM:0.97,-0.24,0.00,0.24,0.97,0.00,-0.00,-0.00,1.00
PRS:1017.56,-35.79,24.44
GPS:0, 0.000000, 0.000000, 0.000000, 0.000000, 0.000000
ANG:-0.01,0.04,14.09
AN:23,-106,-54,7,0,-259,0.66,-0.37,-0.40
DCM:0.97,-0.24,0.00,0.24,0.97,0.00,-0.00,-0.00,1.00
PRS:1017.56,-35.79,24.44
GPS:0, 0.000000, 0.000000, 0.000000, 0.000000, 0.000000
ANG:-0.01,0.04,14.46
AN:24,-105,-54,7,0,-259,0.66,-0.37,-0.40
DCM:0.97,-0.25,0.00,0.25,0.97,0.00,-0.00,-0.00,1.00
PRS:1017.56,-35.79,24.44
GPS:0, 0.000000, 0.000000, 0.000000, 0.000000, 0.000000
ANG:-0.01,0.03,14.81
AN:22,-106,-53,7,1,-259,0.66,-0.37,-0.40
DCM:0.97,-0.26,0.00,0.26,0.97,0.00,-0.00,-0.00,1.00
PRS:1017.56,-35.79,24.44
GPS:0, 0.000000, 0.000000, 0.000000, 0.000000, 0.000000
ANG:-0.03,0.03,15.16
AN:24,-107,-54,7,0,-259,0.66,-0.37,-0.40
DCM:0.97,-0.26,0.00,0.26,0.97,0.00,-0.00,-0.00,1.00
PRS:1017.60,-36.12,24.44
GPS:0, 0.000000, 0.000000, 0.000000, 0.000000, 0.000000
ANG:-0.03,0.03,15.50
AN:25,-106,-54,8,0,-259,0.70,-0.37,-0.41
DCM:0.96,-0.27,0.00,0.27,0.96,0.00,-0.00,-0.00,1.00
PRS:1017.60,-36.12,24.44
GPS:0, 0.000000, 0.000000, 0.000000, 0.000000, 0.000000
ANG:-0.02,0.05,15.80
AN:24,-106,-54,8,0,-259,0.70,-0.37,-0.41
DCM:0.96,-0.27,0.00,0.27,0.96,0.00,-0.00,-0.00,1.00
PRS:1017.60,-36.12,24.44
GPS:0, 0.000000, 0.000000, 0.000000, 0.000000, 0.000000
ANG:-0.02,0.07,16.10
AN:23,-105,-53,8,1,-258,0.70,-0.37,-0.41
DCM:0.96,-0.28,0.00,0.28,0.96,0.00,-0.00,-0.00,1.00
PRS:1017.60,-36.12,24.44
GPS:0, 0.000000, 0.000000, 0.000000, 0.000000, 0.000000
ANG:-0.04,0.08,16.39
AN:24,-108,-54,7,0,-259,0.70,-0.37,-0.41
DCM:0.96,-0.28,0.00,0.28,0.96,0.00,-0.00,-0.00,1.00
PRS:1017.57,-35.89,24.44
GPS:0, 0.000000, 0.000000, 0.000000, 0.000000, 0.000000
ANG:-0.03,0.07,16.67
AN:27,-107,-54,7,0,-260,0.70,-0.37,-0.41
DCM:0.96,-0.29,0.00,0.29,0.96,0.00,-0.00,-0.00,1.00
PRS:1017.57,-35.89,24.44
GPS:0, 0.000000, 0.000000, 0.000000, 0.000000, 0.000000
ANG:-0.03,0.06,16.95
AN:26,-107,-54,8,0,-259,0.70,-0.37,-0.41
DCM:0.96,-0.29,0.00,0.29,0.96,0.00,-0.00,-0.00,1.00
PRS:1017.57,-35.89,24.44
GPS:0, 0.000000, 0.000000, 0.000000, 0.000000, 0.000000
ANG:-0.02,0.08,17.21
AN:25,-104,-55,7,0,-259,0.71,-0.37,-0.41
DCM:0.96,-0.30,0.00,0.30,0.96,0.00,-0.00,-0.00,1.00
PRS:1017.57,-35.89,24.44
GPS:0, 0.000000, 0.000000, 0.000000, 0.000000, 0.000000
ANG:-0.02,0.07,17.46
AN:27,-107,-54,7,0,-259,0.71,-0.37,-0.41
DCM:0.95,-0.30,0.00,0.30,0.95,0.00,-0.00,-0.00,1.00
PRS:1017.61,-36.19,24.44
GPS:0, 0.000000, 0.000000, 0.000000, 0.000000, 0.000000
ANG:-0.01,0.06,17.72
AN:25,-106,-54,7,0,-259,0.71,-0.37,-0.41
DCM:0.95,-0.30,0.00,0.30,0.95,0.00,-0.00,-0.00,1.00
PRS:1017.61,-36.19,24.44
GPS:0, 0.000000, 0.000000, 0.000000, 0.000000, 0.000000
ANG:-0.01,0.06,17.96
AN:24,-106,-53,8,1,-259,0.71,-0.37,-0.41
DCM:0.95,-0.31,0.00,0.31,0.95,0.00,-0.00,-0.00,1.00
PRS:1017.61,-36.19,24.44
GPS:0, 0.000000, 0.000000, 0.000000, 0.000000, 0.000000
ANG:-0.03,0.08,18.19
AN:24,-105,-54,7,0,-259,0.71,-0.37,-0.41
DCM:0.95,-0.31,0.00,0.31,0.95,0.00,-0.00,-0.00,1.00
PRS:1017.61,-36.19,24.44
GPS:0, 0.000000, 0.000000, 0.000000, 0.000000, 0.000000
ANG:-0.03,0.07,18.42
AN:24,-104,-52,7,0,-259,0.71,-0.37,-0.41
DCM:0.95,-0.32,0.00,0.32,0.95,0.00,-0.00,-0.00,1.00
PRS:1017.56,-35.81,24.44
GPS:0, 0.000000, 0.000000, 0.000000, 0.000000, 0.000000
ANG:-0.01,0.04,19.43
AN:25,-106,-53,7,0,-259,0.70,-0.37,-0.41
DCM:0.94,-0.33,0.00,0.33,0.94,0.00,-0.00,-0.00,1.00
PRS:1017.59,-36.08,24.44
GPS:0, 0.000000, 0.000000, 0.000000, 0.000000, 0.000000
ANG:-0.01,0.04,19.43
AN:25,-106,-55,7,0,-259,0.70,-0.37,-0.41
DCM:0.94,-0.33,0.00,0.33,0.94,0.00,-0.00,-0.00,1.00
PRS:1017.53,-35.57,24.44
GPS:9, -37.866851, 145.072631, 0.000000, 0.000000, 31.000000
ANG:0.02,0.02,21.30
AN:26,-105,-54,7,0,-258,0.70,-0.37,-0.41
DCM:0.93,-0.36,0.00,0.36,0.93,-0.00,-0.00,0.00,1.00
PRS:1017.55,-35.74,24.43
GPS:9, -37.866851, 145.072631, 0.000000, 0.000000, 31.000000
ANG:0.03,0.01,21.45
AN:28,-106,-54,7,0,-259,0.70,-0.37,-0.41
DCM:0.93,-0.37,0.00,0.37,0.93,-0.00,-0.00,0.00,1.00
PRS:1017.59,-36.10,24.44
GPS:9, -37.866851, 145.072631, 0.000000, 0.000000, 31.000000
ANG:0.03,0.01,21.61
AN:25,-105,-55,7,0,-259,0.70,-0.37,-0.41
DCM:0.93,-0.37,0.00,0.37,0.93,-0.00,-0.00,0.00,1.00
PRS:1017.59,-36.10,24.44
GPS:9, -37.866851, 145.072631, 0.000000, 0.000000, 31.000000
ANG:0.02,0.01,21.76
AN:24,-105,-54,7,0,-259,0.70,-0.37,-0.41
DCM:0.93,-0.37,0.00,0.37,0.93,-0.00,-0.00,0.00,1.00
PRS:1017.59,-36.10,24.44
GPS:9, -37.866851, 145.072631, 0.000000, 0.000000, 31.000000
ANG:0.02,0.01,21.91
AN:27,-106,-54,8,0,-259,0.70,-0.37,-0.41
DCM:0.93,-0.37,0.00,0.37,0.93,-0.00,-0.00,0.00,1.00
PRS:1017.59,-36.10,24.44
GPS:9, -37.866851, 145.072631, 0.000000, 0.000000, 31.000000
ANG:0.02,0.03,22.05
AN:25,-107,-53,7,0,-258,0.70,-0.37,-0.41
DCM:0.93,-0.38,0.00,0.38,0.93,-0.00,-0.00,0.00,1.00
PRS:1017.61,-36.20,24.43
GPS:9, -37.866851, 145.072631, 0.000000, 0.000000, 31.000000
ANG:0.02,0.03,22.19
AN:23,-105,-54,8,-1,-259,0.70,-0.37,-0.41
DCM:0.93,-0.38,0.00,0.38,0.93,-0.00,-0.00,0.00,1.00
PRS:1017.61,-36.20,24.43
GPS:9, -37.866851, 145.072631, 0.000000, 0.000000, 31.000000
ANG:0.04,0.05,22.33
AN:25,-105,-54,7,0,-259,0.70,-0.37,-0.41
DCM:0.92,-0.38,0.00,0.38,0.92,-0.00,-0.00,0.00,1.00
PRS:1017.61,-36.20,24.43
GPS:9, -37.866851, 145.072631, 0.000000, 0.000000, 31.000000
ANG:0.04,0.05,22.47
AN:25,-107,-54,7,0,-259,0.70,-0.37,-0.41
DCM:0.92,-0.38,0.00,0.38,0.92,-0.00,-0.00,0.00,1.00
PRS:1017.61,-36.20,24.43
GPS:9, -37.866851, 145.072631, 0.000000, 0.000000, 31.000000
ANG:0.04,0.04,22.60
AN:27,-107,-54,7,0,-258,0.70,-0.37,-0.41
DCM:0.92,-0.38,0.00,0.38,0.92,-0.00,-0.00,0.00,1.00
PRS:1017.59,-36.04,24.44
GPS:9, -37.866851, 145.072631, 0.000000, 0.000000, 31.000000
ANG:0.03,0.04,22.73
AN:23,-103,-53,7,1,-258,0.69,-0.37,-0.41
DCM:0.92,-0.39,0.00,0.39,0.92,-0.00,-0.00,0.00,1.00
PRS:1017.59,-36.04,24.44
GPS:9, -37.866851, 145.072631, 0.000000, 0.000000, 31.000000
ANG:0.01,0.04,22.86
AN:25,-106,-54,8,0,-259,0.69,-0.37,-0.41
DCM:0.92,-0.39,0.00,0.39,0.92,0.00,-0.00,0.00,1.00
PRS:1017.59,-36.04,24.44
GPS:9, -37.866851, 145.072631, 0.000000, 0.000000, 31.000000
ANG:0.01,0.06,22.99
AN:27,-106,-55,7,0,-259,0.69,-0.37,-0.41
DCM:0.92,-0.39,0.00,0.39,0.92,0.00,-0.00,0.00,1.00
PRS:1017.59,-36.04,24.44
GPS:9, -37.866851, 145.072631, 0.000000, 0.000000, 31.000000
ANG:0.01,0.05,23.12
AN:25,-107,-53,7,0,-259,0.69,-0.37,-0.41
DCM:0.92,-0.39,0.00,0.39,0.92,0.00,-0.00,0.00,1.00
PRS:1017.56,-35.80,24.43
GPS:9, -37.866851, 145.072631, 0.000000, 0.000000, 31.000000
ANG:0.01,0.04,23.24
AN:24,-106,-55,8,0,-259,0.69,-0.37,-0.41
DCM:0.92,-0.39,0.00,0.39,0.92,0.00,-0.00,0.00,1.00
PRS:1017.56,-35.80,24.43
GPS:9, -37.866851, 145.072631, 0.000000, 0.000000, 31.000000
ANG:0.01,0.06,23.37
AN:24,-105,-53,7,0,-259,0.69,-0.37,-0.41
DCM:0.92,-0.40,0.00,0.40,0.92,0.00,-0.00,0.00,1.00
PRS:1017.56,-35.80,24.43
GPS:9, -37.866851, 145.072631, 0.000000, 0.000000, 31.000000
ANG:0.01,0.06,23.49
AN:25,-107,-53,7,1,-259,0.69,-0.37,-0.41
DCM:0.92,-0.40,0.00,0.40,0.92,0.00,-0.00,0.00,1.00
PRS:1017.56,-35.80,24.43
GPS:9, -37.866851, 145.072631, 0.000000, 0.000000, 31.000000
ANG:-0.01,0.05,23.60
AN:26,-108,-55,7,0,-259,0.69,-0.37,-0.41
DCM:0.92,-0.40,0.00,0.40,0.92,0.00,-0.00,-0.00,1.00
PRS:1017.56,-35.78,24.44
GPS:9, -37.866851, 145.072631, 0.000000, 0.000000, 31.000000
ANG:-0.01,0.04,23.71
AN:25,-106,-54,8,0,-258,0.69,-0.37,-0.41
DCM:0.92,-0.40,0.00,0.40,0.92,0.00,-0.00,-0.00,1.00
PRS:1017.56,-35.78,24.44
GPS:9, -37.866851, 145.072631, 0.000000, 0.000000, 31.000000
ANG:-0.01,0.06,23.82
AN:26,-107,-56,7,0,-259,0.69,-0.37,-0.41
DCM:0.91,-0.40,0.00,0.40,0.91,0.00,-0.00,-0.00,1.00
PRS:1017.56,-35.78,24.44
GPS:9, -37.866851, 145.072631, 0.000000, 0.000000, 31.000000
ANG:-0.00,0.05,23.92
AN:25,-106,-54,8,0,-259,0.69,-0.37,-0.41
DCM:0.91,-0.41,0.00,0.41,0.91,0.00,-0.00,-0.00,1.00
PRS:1017.56,-35.78,24.44
GPS:9, -37.866851, 145.072631, 0.000000, 0.000000, 31.000000
ANG:-0.00,0.07,24.03
AN:25,-104,-52,8,0,-258,0.69,-0.37,-0.41
DCM:0.91,-0.41,0.00,0.41,0.91,0.00,-0.00,-0.00,1.00
PRS:1017.53,-35.60,24.44
GPS:9, -37.866851, 145.072631, 0.000000, 0.000000, 31.000000
ANG:-0.00,0.09,24.13
AN:25,-107,-53,7,0,-259,0.69,-0.37,-0.41
DCM:0.91,-0.41,0.00,0.41,0.91,0.00,-0.00,-0.00,1.00
PRS:1017.53,-35.60,24.44
GPS:9, -37.866851, 145.072631, 0.000000, 0.000000, 31.000000
ANG:-0.00,0.03,24.71
AN:24,-107,-54,7,0,-259,0.69,-0.37,-0.41
DCM:0.91,-0.42,0.00,0.42,0.91,0.00,-0.00,-0.00,1.00
PRS:1017.57,-35.89,24.44
GPS:9, -37.866851, 145.072631, 0.000000, 0.000000, 31.000000
ANG:-0.00,0.03,24.71
AN:23,-105,-53,7,-1,-258,0.69,-0.37,-0.41
DCM:0.91,-0.42,0.00,0.42,0.91,0.00,-0.00,-0.00,1.00
PRS:1017.58,-35.95,24.44
GPS:9, -37.866851, 145.072631, 0.000000, 0.000000, 31.000000
ANG:0.20,0.00,25.43
AN:24,-106,-53,7,-1,-258,0.69,-0.37,-0.41
DCM:0.90,-0.43,0.00,0.43,0.90,-0.00,-0.00,0.00,1.00
PRS:1017.55,-35.69,24.44
GPS:9, -37.866851, 145.072631, 0.000000, 0.000000, 31.000000
ANG:0.20,0.00,25.49
AN:27,-107,-56,6,0,-259,0.69,-0.37,-0.41
DCM:0.90,-0.43,0.00,0.43,0.90,-0.00,-0.00,0.00,1.00
PRS:1017.55,-35.69,24.44
GPS:9, -37.866851, 145.072631, 0.000000, 0.000000, 31.000000
ANG:0.18,-0.02,25.56
AN:25,-106,-53,7,0,-259,0.69,-0.37,-0.41
DCM:0.90,-0.43,0.00,0.43,0.90,-0.00,0.00,0.00,1.00
PRS:1017.55,-35.69,24.44
GPS:9, -37.866851, 145.072631, 0.000000, 0.000000, 31.000000
ANG:0.17,-0.02,25.62
AN:24,-105,-53,7,0,-259,0.68,-0.37,-0.41
DCM:0.90,-0.43,0.00,0.43,0.90,-0.00,0.00,0.00,1.00
PRS:1017.55,-35.76,24.44
GPS:9, -37.866851, 145.072631, 0.000000, 0.000000, 31.000000
ANG:0.15,-0.02,25.68
AN:26,-107,-54,7,0,-258,0.68,-0.37,-0.41
DCM:0.90,-0.43,0.00,0.43,0.90,-0.00,0.00,0.00,1.00
PRS:1017.55,-35.76,24.44
GPS:9, -37.866851, 145.072631, 0.000000, 0.000000, 31.000000
ANG:0.14,-0.02,25.75
AN:25,-107,-54,7,0,-259,0.68,-0.37,-0.41
DCM:0.90,-0.43,0.00,0.43,0.90,-0.00,0.00,0.00,1.00
PRS:1017.55,-35.76,24.44
GPS:9, -37.866851, 145.072631, 0.000000, 0.000000, 31.000000
ANG:0.12,-0.02,25.81
AN:25,-106,-54,7,0,-259,0.68,-0.37,-0.41
DCM:0.90,-0.44,0.00,0.44,0.90,-0.00,0.00,0.00,1.00
PRS:1017.55,-35.76,24.44
GPS:9, -37.866851, 145.072631, 0.000000, 0.000000, 31.000000
ANG:0.11,-0.01,25.87
AN:23,-106,-53,7,0,-259,0.68,-0.37,-0.41
DCM:0.90,-0.44,0.00,0.44,0.90,-0.00,0.00,0.00,1.00
PRS:1017.58,-35.97,24.44
GPS:9, -37.866851, 145.072631, 0.000000, 0.000000, 31.000000
ANG:0.10,-0.01,25.93
AN:25,-108,-54,7,0,-259,0.68,-0.37,-0.41
DCM:0.90,-0.44,0.00,0.44,0.90,-0.00,0.00,0.00,1.00
PRS:1017.58,-35.97,24.44
GPS:9, -37.866851, 145.072631, 0.000000, 0.000000, 31.000000
ANG:0.09,-0.02,25.99
AN:25,-108,-53,7,0,-259,0.69,-0.37,-0.41
DCM:0.90,-0.44,0.00,0.44,0.90,-0.00,0.00,0.00,1.00
PRS:1017.58,-35.97,24.44
GPS:9, -37.866851, 145.072631, 0.000000, 0.000000, 31.000000
ANG:0.08,-0.02,26.04
AN:25,-108,-54,7,0,-259,0.69,-0.37,-0.41
DCM:0.90,-0.44,0.00,0.44,0.90,-0.00,0.00,0.00,1.00
PRS:1017.58,-35.97,24.44
GPS:9, -37.866851, 145.072631, 0.000000, 0.000000, 31.000000
ANG:0.07,-0.02,26.10
AN:24,-107,-52,7,0,-259,0.69,-0.37,-0.41
DCM:0.90,-0.44,0.00,0.44,0.90,-0.00,0.00,0.00,1.00
PRS:1017.52,-35.50,24.44
GPS:9, -37.866851, 145.072631, 0.000000, 0.000000, 31.000000
ANG:0.07,-0.02,26.15
AN:24,-107,-53,7,0,-259,0.69,-0.37,-0.41
DCM:0.90,-0.44,0.00,0.44,0.90,-0.00,0.00,0.00,1.00
PRS:1017.52,-35.50,24.44
GPS:9, -37.866851, 145.072631, 0.000000, 0.000000, 31.000000
ANG:0.06,-0.01,26.20
AN:25,-106,-55,7,0,-259,0.69,-0.37,-0.41
DCM:0.90,-0.44,0.00,0.44,0.90,-0.00,0.00,0.00,1.00
PRS:1017.52,-35.50,24.44
GPS:9, -37.866851, 145.072631, 0.000000, 0.000000, 31.000000
ANG:0.06,-0.01,26.25
AN:25,-106,-54,8,-1,-259,0.69,-0.37,-0.41
DCM:0.90,-0.44,0.00,0.44,0.90,-0.00,0.00,0.00,1.00
PRS:1017.52,-35.50,24.44
GPS:9, -37.866851, 145.072631, 0.000000, 0.000000, 31.000000
ANG:0.07,0.01,26.30
AN:25,-108,-54,7,0,-259,0.68,-0.37,-0.41
DCM:0.90,-0.44,0.00,0.44,0.90,-0.00,-0.00,0.00,1.00
PRS:1017.57,-35.93,24.44
GPS:9, -37.866851, 145.072631, 0.000000, 0.000000, 31.000000
ANG:0.06,0.01,26.35
AN:23,-106,-53,9,-1,-259,0.68,-0.37,-0.41
DCM:0.90,-0.44,0.00,0.44,0.90,-0.00,-0.00,0.00,1.00
PRS:1017.57,-35.93,24.44
GPS:9, -37.866851, 145.072631, 0.000000, 0.000000, 31.000000
ANG:0.08,0.05,26.40
AN:26,-106,-54,7,0,-259,0.68,-0.37,-0.41
DCM:0.90,-0.44,0.00,0.44,0.90,-0.00,-0.00,0.00,1.00
PRS:1017.57,-35.93,24.44
GPS:9, -37.866851, 145.072631, 0.000000, 0.000000, 31.000000
ANG:0.08,0.05,26.45
AN:25,-105,-55,7,0,-259,0.68,-0.37,-0.41
DCM:0.90,-0.45,0.00,0.45,0.90,-0.00,-0.00,0.00,1.00
PRS:1017.57,-35.93,24.44
GPS:9, -37.866851, 145.072631, 0.000000, 0.000000, 31.000000
ANG:0.07,0.04,26.50
AN:25,-107,-54,7,-1,-260,0.68,-0.37,-0.41
DCM:0.89,-0.45,0.00,0.45,0.89,-0.00,-0.00,0.00,1.00
PRS:1017.57,-35.93,24.44
GPS:9, -37.866851, 145.072631, 0.000000, 0.000000, 31.000000
ANG:0.09,0.04,26.55
AN:26,-107,-54,7,0,-259,0.68,-0.37,-0.41
DCM:0.89,-0.45,0.00,0.45,0.89,-0.00,-0.00,0.00,1.00
PRS:1017.56,-35.82,24.44
GPS:9, -37.866851, 145.072631, 0.000000, 0.000000, 31.000000
ANG:0.08,0.04,26.60
AN:24,-104,-53,7,0,-259,0.69,-0.37,-0.41
DCM:0.89,-0.45,0.00,0.45,0.89,-0.00,-0.00,0.00,1.00
PRS:1017.56,-35.82,24.44
GPS:9, -37.866851, 145.072631, 0.000000, 0.000000, 31.000000
ANG:0.07,0.03,26.64
AN:26,-106,-55,7,1,-259,0.69,-0.37,-0.41
DCM:0.89,-0.45,0.00,0.45,0.89,-0.00,-0.00,0.00,1.00
PRS:1017.56,-35.82,24.44
GPS:9, -37.866851, 145.072631, 0.000000, 0.000000, 31.000000
ANG:0.04,0.03,26.68
AN:24,-107,-54,7,0,-259,0.69,-0.37,-0.41
DCM:0.89,-0.45,0.00,0.45,0.89,-0.00,-0.00,0.00,1.00
PRS:1017.59,-36.04,24.43
GPS:9, -37.866851, 145.072631, 0.000000, 0.000000, 31.000000
ANG:0.04,0.03,26.68
AN:24,-107,-54,7,0,-259,0.69,-0.37,-0.41
DCM:0.89,-0.45,0.00,0.45,0.89,-0.00,-0.00,0.00,1.00
PRS:1017.57,-35.89,24.44
GPS:9, -37.866851, 145.072631, 0.000000, 0.000000, 31.000000
ANG:0.04,0.03,26.68
AN:24,-106,-54,7,0,-259,0.69,-0.37,-0.41
DCM:0.89,-0.45,0.00,0.45,0.89,-0.00,-0.00,0.00,1.00
PRS:1017.56,-35.81,24.43
GPS:9, -37.866851, 145.072631, 0.000000, 0.000000, 31.000000
ANG:0.04,0.02,26.72
AN:26,-108,-54,7,0,-259,0.69,-0.37,-0.41
DCM:0.89,-0.45,0.00,0.45,0.89,-0.00,-0.00,0.00,1.00
PRS:1017.56,-35.81,24.43
GPS:9, -37.866851, 145.072631, 0.000000, 0.000000, 31.000000
ANG:0.04,0.02,26.75
AN:25,-107,-55,7,0,-258,0.69,-0.38,-0.41
DCM:0.89,-0.45,0.00,0.45,0.89,-0.00,-0.00,0.00,1.00
PRS:1017.51,-35.36,24.43
GPS:9, -37.866851, 145.072631, 0.000000, 0.000000, 31.000000
ANG:0.04,0.02,26.80
AN:27,-108,-55,7,0,-258,0.69,-0.38,-0.41
DCM:0.89,-0.45,0.00,0.45,0.89,-0.00,-0.00,0.00,1.00
PRS:1017.51,-35.36,24.43
GPS:9, -37.866851, 145.072631, 0.000000, 0.000000, 31.000000
ANG:0.04,0.01,26.84
AN:26,-109,-55,7,0,-258,0.69,-0.38,-0.41
DCM:0.89,-0.45,0.00,0.45,0.89,-0.00,-0.00,0.00,1.00
PRS:1017.51,-35.36,24.43
GPS:9, -37.866851, 145.072631, 0.000000, 0.000000, 31.000000
ANG:0.03,0.01,26.89
AN:25,-106,-54,7,0,-259,0.69,-0.38,-0.41
DCM:0.89,-0.45,0.00,0.45,0.89,-0.00,-0.00,0.00,1.00
PRS:1017.51,-35.36,24.43
GPS:9, -37.866851, 145.072631, 0.000000, 0.000000, 31.000000
ANG:0.03,0.01,26.93
AN:23,-104,-53,7,0,-259,0.69,-0.38,-0.41
DCM:0.89,-0.45,0.00,0.45,0.89,-0.00,-0.00,0.00,1.00
PRS:1017.56,-35.81,24.43
GPS:9, -37.866851, 145.072631, 0.000000, 0.000000, 31.000000
ANG:0.03,0.01,26.98
AN:24,-104,-54,7,-1,-259,0.69,-0.38,-0.41
DCM:0.89,-0.45,0.00,0.45,0.89,-0.00,-0.00,0.00,1.00
PRS:1017.56,-35.81,24.43
GPS:9, -37.866851, 145.072631, 0.000000, 0.000000, 31.000000
ANG:0.05,0.01,27.02
AN:26,-106,-54,7,-1,-260,0.68,-0.37,-0.41
DCM:0.89,-0.45,0.00,0.45,0.89,-0.00,-0.00,0.00,1.00
PRS:1017.56,-35.81,24.43
GPS:9, -37.866851, 145.072631, 0.000000, 0.000000, 31.000000
ANG:0.07,0.01,27.05
AN:27,-107,-55,8,0,-258,0.68,-0.37,-0.41
DCM:0.89,-0.45,0.00,0.45,0.89,-0.00,-0.00,0.00,1.00
PRS:1017.56,-35.81,24.43
GPS:9, -37.866851, 145.072631, 0.000000, 0.000000, 31.000000
ANG:0.06,0.03,27.09
AN:24,-107,-53,7,-1,-259,0.68,-0.37,-0.41
DCM:0.89,-0.46,0.00,0.46,0.89,-0.00,-0.00,0.00,1.00
PRS:1017.56,-35.80,24.43
GPS:9, -37.866851, 145.072631, 0.000000, 0.000000, 31.000000
ANG:0.08,0.03,27.13
AN:23,-105,-55,8,0,-258,0.68,-0.37,-0.41
DCM:0.89,-0.46,0.00,0.46,0.89,-0.00,-0.00,0.00,1.00
PRS:1017.56,-35.80,24.43
GPS:9, -37.866851, 145.072631, 0.000000, 0.000000, 31.000000
ANG:0.07,0.05,27.16
AN:26,-107,-54,7,0,-259,0.68,-0.37,-0.41
DCM:0.89,-0.46,0.00,0.46,0.89,-0.00,-0.00,0.00,1.00
PRS:1017.56,-35.80,24.43
GPS:9, -37.866851, 145.072631, 0.000000, 0.000000, 31.000000
ANG:0.07,0.04,27.20
AN:25,-105,-53,7,0,-259,0.68,-0.37,-0.41
DCM:0.89,-0.46,0.00,0.46,0.89,-0.00,-0.00,0.00,1.00
PRS:1017.56,-35.80,24.43
GPS:9, -37.866851, 145.072631, 0.000000, 0.000000, 31.000000
ANG:0.06,0.04,27.23
AN:25,-106,-53,8,0,-259,0.69,-0.37,-0.41
DCM:0.89,-0.46,0.00,0.46,0.89,-0.00,-0.00,0.00,1.00
PRS:1017.54,-35.68,24.43
GPS:9, -37.866851, 145.072631, 0.000000, 0.000000, 31.000000
ANG:0.06,0.06,27.25
AN:28,-108,-56,7,-1,-260,0.69,-0.37,-0.41
DCM:0.89,-0.46,0.00,0.46,0.89,-0.00,-0.00,0.00,1.00
PRS:1017.54,-35.68,24.43
GPS:9, -37.866851, 145.072631, 0.000000, 0.000000, 31.000000
ANG:0.07,0.06,27.28
AN:22,-102,-51,7,0,-259,0.69,-0.37,-0.41
DCM:0.89,-0.46,0.00,0.46,0.89,-0.00,-0.00,0.00,1.00
PRS:1017.54,-35.68,24.43
GPS:9, -37.866851, 145.072631, 0.000000, 0.000000, 31.000000
ANG:0.07,0.05,27.31
AN:26,-106,-54,7,0,-259,0.69,-0.37,-0.41
DCM:0.89,-0.46,0.00,0.46,0.89,-0.00,-0.00,0.00,1.00
PRS:1017.54,-35.68,24.43
GPS:9, -37.866851, 145.072631, 0.000000, 0.000000, 31.000000
ANG:0.06,0.05,27.33
AN:25,-106,-54,8,-1,-259,0.69,-0.37,-0.41
DCM:0.89,-0.46,0.00,0.46,0.89,-0.00,-0.00,0.00,1.00
PRS:1017.56,-35.78,24.43
GPS:9, -37.866851, 145.072631, 0.000000, 0.000000, 31.000000
ANG:0.08,0.06,27.36
AN:25,-106,-52,8,-1,-259,0.69,-0.37,-0.41
DCM:0.89,-0.46,0.00,0.46,0.89,-0.00,-0.00,0.00,1.00
PRS:1017.56,-35.78,24.43
GPS:9, -37.866851, 145.072631, 0.000000, 0.000000, 31.000000
ANG:0.09,0.08,27.38
AN:23,-107,-54,7,1,-259,0.68,-0.37,-0.40
DCM:0.89,-0.46,0.00,0.46,0.89,-0.00,-0.00,0.00,1.00
PRS:1017.56,-35.78,24.43
GPS:9, -37.866851, 145.072631, 0.000000, 0.000000, 31.000000
ANG:0.06,0.07,27.41
AN:25,-105,-54,7,1,-259,0.68,-0.37,-0.40
DCM:0.89,-0.46,0.00,0.46,0.89,-0.00,-0.00,0.00,1.00
PRS:1017.56,-35.78,24.43
GPS:9, -37.866851, 145.072631, 0.000000, 0.000000, 31.000000
ANG:0.03,0.06,27.44
AN:26,-108,-54,7,0,-259,0.68,-0.37,-0.40
DCM:0.89,-0.46,0.00,0.46,0.89,-0.00,-0.00,0.00,1.00
PRS:1017.56,-35.82,24.43
GPS:9, -37.866851, 145.072631, 0.000000, 0.000000, 31.000000
ANG:0.03,0.06,27.47
AN:25,-106,-53,8,0,-259,0.68,-0.37,-0.40
DCM:0.89,-0.46,0.00,0.46,0.89,-0.00,-0.00,0.00,1.00
PRS:1017.56,-35.82,24.43
GPS:9, -37.866851, 145.072631, 0.000000, 0.000000, 31.000000
ANG:0.03,0.06,27.47
AN:24,-106,-54,8,0,-258,0.68,-0.37,-0.40
DCM:0.89,-0.46,0.00,0.46,0.89,-0.00,-0.00,0.00,1.00
PRS:1017.57,-35.87,24.44
GPS:9, -37.866851, 145.072631, 0.000000, 0.000000, 31.000000
ANG:0.03,0.06,27.47
AN:24,-105,-55,7,0,-259,0.68,-0.37,-0.40
DCM:0.89,-0.46,0.00,0.46,0.89,-0.00,-0.00,0.00,1.00
PRS:1017.57,-35.89,24.44
GPS:9, -37.866851, 145.072631, 0.000000, 0.000000, 31.000000
ANG:0.03,0.05,27.50
AN:25,-106,-54,7,0,-259,0.80,-0.39,-0.41
DCM:0.89,-0.46,0.00,0.46,0.89,-0.00,-0.00,0.00,1.00
PRS:1017.56,-35.80,24.43
GPS:9, -37.866851, 145.072631, 0.000000, 0.000000, 31.000000
ANG:0.02,0.05,27.46
AN:23,-105,-53,7,0,-258,0.80,-0.39,-0.41
DCM:0.89,-0.46,0.00,0.46,0.89,0.00,-0.00,0.00,1.00
PRS:1017.56,-35.80,24.43
GPS:9, -37.866851, 145.072631, 0.000000, 0.000000, 31.000000
ANG:0.02,0.04,27.42
AN:23,-105,-54,7,0,-259,0.80,-0.39,-0.41
DCM:0.89,-0.46,0.00,0.46,0.89,0.00,-0.00,0.00,1.00
PRS:1017.56,-35.80,24.43
GPS:9, -37.866851, 145.072631, 0.000000, 0.000000, 31.000000
ANG:0.02,0.04,27.38
AN:26,-105,-55,7,0,-259,0.80,-0.39,-0.41
DCM:0.89,-0.46,0.00,0.46,0.89,0.00,-0.00,0.00,1.00
PRS:1017.56,-35.80,24.43
GPS:9, -37.866851, 145.072631, 0.000000, 0.000000, 31.000000
ANG:0.02,0.04,27.35
AN:26,-107,-55,7,0,-258,0.80,-0.39,-0.41
DCM:0.89,-0.46,0.00,0.46,0.89,-0.00,-0.00,0.00,1.00
PRS:1017.60,-36.16,24.44
GPS:9, -37.866851, 145.072631, 0.000000, 0.000000, 31.000000
ANG:0.02,0.03,27.31
AN:28,-108,-55,7,0,-259,0.80,-0.39,-0.41
DCM:0.89,-0.46,0.00,0.46,0.89,-0.00,-0.00,0.00,1.00
PRS:1017.60,-36.16,24.44
GPS:9, -37.866851, 145.072631, 0.000000, 0.000000, 31.000000
ANG:0.03,0.03,27.28
AN:27,-104,-54,7,0,-259,0.80,-0.39,-0.42
DCM:0.89,-0.46,0.00,0.46,0.89,-0.00,-0.00,0.00,1.00
PRS:1017.60,-36.16,24.44
GPS:9, -37.866851, 145.072631, 0.000000, 0.000000, 31.000000
ANG:0.03,0.03,27.24
AN:26,-105,-54,7,0,-259,0.80,-0.39,-0.42
DCM:0.89,-0.46,0.00,0.46,0.89,-0.00,-0.00,0.00,1.00
PRS:1017.60,-36.16,24.44
GPS:9, -37.866851, 145.072631, 0.000000, 0.000000, 31.000000
ANG:0.03,0.03,27.21
AN:27,-106,-55,7,-1,-259,0.80,-0.39,-0.42
DCM:0.89,-0.46,0.00,0.46,0.89,-0.00,-0.00,0.00,1.00
PRS:1017.57,-35.93,24.43
GPS:9, -37.866851, 145.072631, 0.000000, 0.000000, 31.000000
ANG:0.04,0.02,27.18
AN:23,-106,-53,7,0,-259,0.80,-0.39,-0.42
DCM:0.89,-0.46,0.00,0.46,0.89,-0.00,-0.00,0.00,1.00
PRS:1017.57,-35.93,24.43
GPS:9, -37.866851, 145.072631, 0.000000, 0.000000, 31.000000
ANG:0.04,0.02,27.15
AN:25,-107,-53,7,0,-258,0.80,-0.39,-0.42
DCM:0.89,-0.46,0.00,0.46,0.89,-0.00,-0.00,0.00,1.00
PRS:1017.57,-35.93,24.43
GPS:9, -37.866851, 145.072631, 0.000000, 0.000000, 31.000000
ANG:0.04,0.02,27.12
AN:23,-107,-53,7,1,-258,0.80,-0.39,-0.42
DCM:0.89,-0.46,0.00,0.46,0.89,-0.00,-0.00,0.00,1.00
PRS:1017.57,-35.93,24.43
GPS:9, -37.866851, 145.072631, 0.000000, 0.000000, 31.000000
ANG:0.01,0.01,27.09
AN:22,-107,-53,7,-1,-258,0.82,-0.40,-0.42
DCM:0.89,-0.46,0.00,0.46,0.89,0.00,-0.00,0.00,1.00
PRS:1017.61,-36.20,24.44
GPS:9, -37.866851, 145.072631, 0.000000, 0.000000, 31.000000
ANG:0.03,0.01,27.07
AN:23,-107,-53,7,0,-259,0.82,-0.40,-0.42
DCM:0.89,-0.46,0.00,0.46,0.89,-0.00,-0.00,0.00,1.00
PRS:1017.61,-36.20,24.44
GPS:9, -37.866851, 145.072631, 0.000000, 0.000000, 31.000000
ANG:0.02,0.01,27.04
AN:25,-107,-55,7,0,-259,0.82,-0.40,-0.42
DCM:0.89,-0.45,0.00,0.45,0.89,-0.00,-0.00,0.00,1.00
PRS:1017.61,-36.20,24.44
GPS:9, -37.866851, 145.072631, 0.000000, 0.000000, 31.000000
ANG:0.02,0.01,27.02
AN:25,-106,-53,7,1,-258,0.82,-0.40,-0.42
DCM:0.89,-0.45,0.00,0.45,0.89,-0.00,-0.00,0.00,1.00
PRS:1017.61,-36.20,24.44
GPS:9, -37.866851, 145.072631, 0.000000, 0.000000, 31.000000
ANG:0.00,0.01,26.99
AN:27,-106,-53,7,0,-259,0.82,-0.40,-0.42
DCM:0.89,-0.45,0.00,0.45,0.89,0.00,-0.00,0.00,1.00
PRS:1017.57,-35.89,24.44
GPS:9, -37.866851, 145.072631, 0.000000, 0.000000, 31.000000
ANG:0.00,0.00,26.97
AN:26,-108,-54,7,-1,-259,0.82,-0.40,-0.42
DCM:0.89,-0.45,0.00,0.45,0.89,-0.00,-0.00,0.00,1.00
PRS:1017.57,-35.89,24.44
GPS:9, -37.866851, 145.072631, 0.000000, 0.000000, 31.000000
ANG:0.03,0.01,26.95
AN:25,-104,-53,7,1,-259,0.83,-0.40,-0.42
DCM:0.89,-0.45,0.00,0.45,0.89,-0.00,-0.00,0.00,1.00
PRS:1017.57,-35.89,24.44
GPS:9, -37.866851, 145.072631, 0.000000, 0.000000, 31.000000
ANG:0.00,0.01,26.92
AN:26,-106,-55,7,0,-259,0.83,-0.40,-0.42
DCM:0.89,-0.45,0.00,0.45,0.89,-0.00,-0.00,0.00,1.00
PRS:1017.57,-35.89,24.44
GPS:9, -37.866851, 145.072631, 0.000000, 0.000000, 31.000000
ANG:0.00,0.01,26.89
AN:23,-105,-53,7,0,-259,0.83,-0.40,-0.42
DCM:0.89,-0.45,0.00,0.45,0.89,0.00,-0.00,0.00,1.00
PRS:1017.60,-36.18,24.44
GPS:9, -37.866851, 145.072631, 0.000000, 0.000000, 31.000000
ANG:0.00,0.01,26.87
AN:26,-106,-54,7,0,-259,0.83,-0.40,-0.42
DCM:0.89,-0.45,0.00,0.45,0.89,-0.00,-0.00,0.00,1.00
PRS:1017.60,-36.18,24.44
GPS:9, -37.866851, 145.072631, 0.000000, 0.000000, 31.000000
ANG:0.00,0.01,26.84
AN:25,-105,-54,8,0,-259,0.83,-0.40,-0.42
DCM:0.89,-0.45,0.00,0.45,0.89,-0.00,-0.00,0.00,1.00
PRS:1017.60,-36.18,24.44
GPS:9, -37.866851, 145.072631, 0.000000, 0.000000, 31.000000
ANG:0.01,0.21,26.59
AN:25,-107,-54,7,0,-258,0.83,-0.40,-0.42
DCM:0.89,-0.45,0.00,0.45,0.89,0.00,-0.00,0.00,1.00
PRS:1017.52,-35.47,24.43
GPS:9, -37.866851, 145.072631, 0.000000, 0.000000, 31.000000
ANG:0.01,0.21,26.59
AN:25,-107,-54,8,0,-259,0.81,-0.37,-0.42
DCM:0.89,-0.45,0.00,0.45,0.89,0.00,-0.00,0.00,1.00
PRS:1017.60,-36.13,24.44
GPS:9, -37.866851, 145.072631, 0.000000, 0.000000, 31.000000
ANG:0.00,0.21,26.36
AN:24,-107,-54,7,1,-259,0.81,-0.37,-0.42
DCM:0.90,-0.44,0.00,0.44,0.90,0.00,-0.00,0.00,1.00
PRS:1017.56,-35.86,24.43
GPS:9, -37.866847, 145.072631, 0.481520, 6.790000, 31.000000
ANG:-0.02,0.19,26.32
AN:25,-106,-53,7,0,-259,0.81,-0.37,-0.42
DCM:0.90,-0.44,0.00,0.44,0.90,0.00,-0.00,-0.00,1.00
PRS:1017.56,-35.86,24.43
GPS:9, -37.866847, 145.072631, 0.481520, 6.790000, 31.000000
ANG:-0.02,0.17,26.28
AN:23,-106,-54,7,0,-259,0.81,-0.37,-0.42
DCM:0.90,-0.44,0.00,0.44,0.90,0.00,-0.00,-0.00,1.00
PRS:1017.56,-35.86,24.43
GPS:9, -37.866847, 145.072631, 0.481520, 6.790000, 31.000000
ANG:-0.02,0.15,26.24
AN:23,-105,-54,7,0,-259,0.81,-0.37,-0.42
DCM:0.90,-0.44,0.00,0.44,0.90,0.00,-0.00,-0.00,1.00
PRS:1017.59,-36.03,24.44
GPS:9, -37.866847, 145.072631, 0.481520, 6.790000, 31.000000
ANG:-0.01,0.14,26.20
AN:26,-106,-55,7,0,-260,0.81,-0.37,-0.42
DCM:0.90,-0.44,0.00,0.44,0.90,0.00,-0.00,-0.00,1.00
PRS:1017.59,-36.03,24.44
GPS:9, -37.866847, 145.072631, 0.481520, 6.790000, 31.000000
ANG:-0.01,0.12,26.16
AN:24,-106,-54,8,0,-259,0.81,-0.36,-0.42
DCM:0.90,-0.44,0.00,0.44,0.90,0.00,-0.00,-0.00,1.00
PRS:1017.59,-36.03,24.44
GPS:9, -37.866847, 145.072631, 0.481520, 6.790000, 31.000000
ANG:-0.01,0.14,26.11
AN:24,-105,-55,8,-1,-258,0.81,-0.36,-0.42
DCM:0.90,-0.44,0.00,0.44,0.90,0.00,-0.00,-0.00,1.00
PRS:1017.59,-36.03,24.44
GPS:9, -37.866847, 145.072631, 0.481520, 6.790000, 31.000000
ANG:0.01,0.15,26.07
AN:24,-106,-52,7,1,-259,0.81,-0.36,-0.42
DCM:0.90,-0.44,0.00,0.44,0.90,0.00,-0.00,0.00,1.00
PRS:1017.60,-36.18,24.44
GPS:9, -37.866847, 145.072631, 0.481520, 6.790000, 31.000000
ANG:-0.01,0.13,26.02
AN:24,-106,-54,7,-1,-259,0.81,-0.36,-0.42
DCM:0.90,-0.44,0.00,0.44,0.90,0.00,-0.00,-0.00,1.00
PRS:1017.60,-36.18,24.44
GPS:9, -37.866847, 145.072631, 0.481520, 6.790000, 31.000000
ANG:0.01,0.12,25.98
AN:26,-107,-55,7,0,-259,0.81,-0.36,-0.42
DCM:0.90,-0.44,0.00,0.44,0.90,0.00,-0.00,0.00,1.00
PRS:1017.60,-36.18,24.44
GPS:9, -37.866847, 145.072631, 0.481520, 6.790000, 31.000000
ANG:0.01,0.11,25.93
AN:24,-105,-55,7,-1,-258,0.81,-0.36,-0.42
DCM:0.90,-0.44,0.00,0.44,0.90,0.00,-0.00,0.00,1.00
PRS:1017.60,-36.18,24.44
GPS:9, -37.866847, 145.072631, 0.481520, 6.790000, 31.000000
ANG:0.04,0.09,25.89
AN:27,-110,-54,8,1,-259,0.81,-0.37,-0.41
DCM:0.90,-0.44,0.00,0.44,0.90,0.00,-0.00,0.00,1.00
PRS:1017.61,-36.25,24.44
GPS:9, -37.866847, 145.072631, 0.481520, 6.790000, 31.000000
ANG:0.01,0.10,25.86
AN:25,-105,-53,8,-1,-259,0.81,-0.37,-0.41
DCM:0.90,-0.44,0.00,0.44,0.90,0.00,-0.00,0.00,1.00
PRS:1017.61,-36.25,24.44
GPS:9, -37.866847, 145.072631, 0.481520, 6.790000, 31.000000
ANG:0.03,0.12,25.83
AN:25,-106,-54,7,0,-259,0.81,-0.37,-0.41
DCM:0.90,-0.44,0.00,0.44,0.90,0.00,-0.00,0.00,1.00
PRS:1017.61,-36.25,24.44
GPS:9, -37.866847, 145.072631, 0.481520, 6.790000, 31.000000
ANG:0.03,0.10,25.80
AN:25,-106,-54,8,0,-259,0.81,-0.37,-0.41
DCM:0.90,-0.44,0.00,0.44,0.90,0.00,-0.00,0.00,1.00
PRS:1017.61,-36.25,24.44
GPS:9, -37.866847, 145.072631, 0.481520, 6.790000, 31.000000
ANG:0.03,0.12,25.77
AN:24,-106,-54,7,0,-259,0.81,-0.37,-0.41
DCM:0.90,-0.43,0.00,0.43,0.90,0.00,-0.00,0.00,1.00
PRS:1017.58,-36.02,24.44
GPS:9, -37.866847, 145.072631, 0.481520, 6.790000, 31.000000
ANG:0.03,0.11,25.74
AN:24,-105,-54,8,0,-259,0.81,-0.37,-0.41
DCM:0.90,-0.43,0.00,0.43,0.90,0.00,-0.00,0.00,1.00
PRS:1017.58,-36.02,24.44
GPS:9, -37.866847, 145.072631, 0.481520, 6.790000, 31.000000
ANG:0.02,0.12,25.71
AN:25,-105,-52,7,0,-258,0.81,-0.37,-0.42
DCM:0.90,-0.43,0.00,0.43,0.90,0.00,-0.00,0.00,1.00
PRS:1017.58,-36.02,24.44
GPS:9, -37.866847, 145.072631, 0.481520, 6.790000, 31.000000
ANG:0.02,0.11,25.68
AN:26,-108,-54,7,0,-259,0.81,-0.37,-0.42
DCM:0.90,-0.43,0.00,0.43,0.90,0.00,-0.00,0.00,1.00
PRS:1017.58,-36.02,24.44
GPS:9, -37.866847, 145.072631, 0.481520, 6.790000, 31.000000
ANG:0.02,0.09,25.65
AN:25,-106,-53,8,1,-258,0.81,-0.37,-0.42
DCM:0.90,-0.43,0.00,0.43,0.90,0.00,-0.00,0.00,1.00
PRS:1017.61,-36.20,24.44
GPS:9, -37.866847, 145.072631, 0.481520, 6.790000, 31.000000
ANG:-0.00,0.11,25.62
AN:23,-104,-52,7,0,-259,0.81,-0.37,-0.42
DCM:0.90,-0.43,0.00,0.43,0.90,0.00,-0.00,-0.00,1.00
PRS:1017.61,-36.20,24.44
GPS:9, -37.866847, 145.072631, 0.481520, 6.790000, 31.000000
ANG:-0.00,0.10,25.59
AN:24,-106,-53,8,1,-259,0.81,-0.37,-0.42
DCM:0.90,-0.43,0.00,0.43,0.90,0.00,-0.00,-0.00,1.00
PRS:1017.61,-36.20,24.44
GPS:9, -37.866847, 145.072631, 0.481520, 6.790000, 31.000000
ANG:-0.03,0.11,25.56
AN:22,-106,-53,8,1,-258,0.81,-0.37,-0.42
DCM:0.90,-0.43,0.00,0.43,0.90,0.00,-0.00,-0.00,1.00
PRS:1017.61,-36.20,24.44
GPS:9, -37.866847, 145.072631, 0.481520, 6.790000, 31.000000
ANG:-0.05,0.12,25.53
AN:26,-107,-54,8,0,-258,0.81,-0.36,-0.42
DCM:0.90,-0.43,0.00,0.43,0.90,0.00,-0.00,-0.00,1.00
PRS:1017.62,-36.34,24.44
GPS:9, -37.866847, 145.072631, 0.481520, 6.790000, 31.000000
ANG:-0.05,0.12,25.53
AN:24,-108,-55,7,-1,-259,0.81,-0.36,-0.42
DCM:0.90,-0.43,0.00,0.43,0.90,0.00,-0.00,-0.00,1.00
PRS:1017.63,-36.40,24.44
GPS:9, -37.866847, 145.072631, 0.481520, 6.790000, 31.000000
ANG:-0.05,0.12,25.53
AN:25,-107,-54,7,0,-259,0.81,-0.36,-0.42
DCM:0.90,-0.43,0.00,0.43,0.90,0.00,-0.00,-0.00,1.00
PRS:1017.53,-35.59,24.44
GPS:9, -37.866847, 145.072631, 0.481520, 6.790000, 31.000000
ANG:-0.04,0.11,25.50
AN:25,-107,-55,7,-1,-259,0.81,-0.36,-0.42
DCM:0.90,-0.43,0.00,0.43,0.90,0.00,-0.00,-0.00,1.00
PRS:1017.59,-36.10,24.44
GPS:9, -37.866847, 145.072631, 0.481520, 6.790000, 31.000000
ANG:-0.01,0.10,25.47
AN:27,-106,-53,7,0,-258,0.81,-0.36,-0.42
DCM:0.90,-0.43,0.00,0.43,0.90,0.00,-0.00,-0.00,1.00
PRS:1017.59,-36.10,24.44
GPS:9, -37.866847, 145.072631, 0.481520, 6.790000, 31.000000
ANG:-0.01,0.09,25.44
AN:24,-106,-55,7,0,-258,0.81,-0.36,-0.42
DCM:0.90,-0.43,0.00,0.43,0.90,0.00,-0.00,-0.00,1.00
PRS:1017.59,-36.10,24.44
GPS:9, -37.866847, 145.072631, 0.481520, 6.790000, 31.000000
ANG:-0.01,0.08,25.41
AN:24,-108,-56,7,1,-259,0.81,-0.37,-0.42
DCM:0.90,-0.43,0.00,0.43,0.90,0.00,-0.00,-0.00,1.00
PRS:1017.59,-36.10,24.44
GPS:9, -37.866847, 145.072631, 0.481520, 6.790000, 31.000000
ANG:-0.03,0.07,25.39
AN:24,-106,-54,7,0,-258,0.81,-0.37,-0.42
DCM:0.90,-0.43,0.00,0.43,0.90,0.00,-0.00,-0.00,1.00
PRS:1017.55,-35.70,24.43
GPS:9, -37.866847, 145.072631, 0.481520, 6.790000, 31.000000
ANG:-0.03,0.06,25.37
AN:25,-106,-54,7,-1,-259,0.81,-0.37,-0.42
DCM:0.90,-0.43,0.00,0.43,0.90,0.00,-0.00,-0.00,1.00
PRS:1017.55,-35.70,24.43
GPS:9, -37.866847, 145.072631, 0.481520, 6.790000, 31.000000
ANG:-0.00,0.05,25.34
AN:25,-108,-55,7,0,-259,0.81,-0.37,-0.42
DCM:0.90,-0.43,0.00,0.43,0.90,0.00,-0.00,-0.00,1.00
PRS:1017.55,-35.70,24.43
GPS:9, -37.866847, 145.072631, 0.481520, 6.790000, 31.000000
ANG:0.00,0.05,25.32
AN:26,-107,-55,7,-1,-258,0.81,-0.37,-0.42
DCM:0.90,-0.43,0.00,0.43,0.90,0.00,-0.00,0.00,1.00
PRS:1017.55,-35.70,24.43
GPS:9, -37.866847, 145.072631, 0.481520, 6.790000, 31.000000
ANG:0.02,0.04,25.30
AN:24,-107,-54,7,0,-259,0.81,-0.37,-0.42
DCM:0.90,-0.43,0.00,0.43,0.90,-0.00,-0.00,0.00,1.00
PRS:1017.62,-36.31,24.44
GPS:9, -37.866847, 145.072631, 0.481520, 6.790000, 31.000000
ANG:0.02,0.04,25.28
AN:25,-106,-54,7,0,-259,0.81,-0.37,-0.42
DCM:0.90,-0.43,0.00,0.43,0.90,-0.00,-0.00,0.00,1.00
PRS:1017.62,-36.31,24.44
GPS:9, -37.866847, 145.072631, 0.481520, 6.790000, 31.000000
ANG:0.02,0.03,25.25
AN:26,-107,-54,8,-1,-259,0.81,-0.37,-0.42
DCM:0.90,-0.43,0.00,0.43,0.90,-0.00,-0.00,0.00,1.00
PRS:1017.62,-36.31,24.44
GPS:9, -37.866847, 145.072631, 0.481520, 6.790000, 31.000000
ANG:0.04,0.05,25.23
AN:23,-106,-53,8,1,-258,0.81,-0.37,-0.42
DCM:0.90,-0.43,0.00,0.43,0.90,-0.00,-0.00,0.00,1.00
PRS:1017.62,-36.31,24.44
GPS:9, -37.866847, 145.072631, 0.481520, 6.790000, 31.000000
ANG:0.01,0.07,25.21
AN:24,-107,-54,7,0,-259,0.81,-0.37,-0.42
DCM:0.90,-0.43,0.00,0.43,0.90,0.00,-0.00,0.00,1.00
PRS:1017.59,-36.08,24.43
GPS:9, -37.866847, 145.072631, 0.481520, 6.790000, 31.000000
ANG:0.01,0.06,25.19
AN:24,-105,-54,7,1,-259,0.81,-0.37,-0.42
DCM:0.90,-0.43,0.00,0.43,0.90,0.00,-0.00,0.00,1.00
PRS:1017.59,-36.08,24.43
GPS:9, -37.866847, 145.072631, 0.481520, 6.790000, 31.000000
ANG:-0.01,0.05,25.17
AN:24,-106,-53,8,1,-258,0.81,-0.37,-0.42
DCM:0.91,-0.43,0.00,0.43,0.91,0.00,-0.00,-0.00,1.00
PRS:1017.59,-36.08,24.43
GPS:9, -37.866847, 145.072631, 0.481520, 6.790000, 31.000000
ANG:-0.03,0.07,25.15
AN:24,-106,-53,7,-1,-259,0.81,-0.36,-0.42
DCM:0.91,-0.43,0.00,0.43,0.91,0.00,-0.00,-0.00,1.00
PRS:1017.59,-36.08,24.43
GPS:9, -37.866847, 145.072631, 0.481520, 6.790000, 31.000000
ANG:-0.01,0.06,25.13
AN:26,-107,-55,8,1,-259,0.81,-0.36,-0.42
DCM:0.91,-0.42,0.00,0.42,0.91,0.00,-0.00,-0.00,1.00
PRS:1017.58,-36.03,24.44
GPS:9, -37.866847, 145.072631, 0.481520, 6.790000, 31.000000
ANG:-0.03,0.08,25.11
AN:24,-106,-55,6,1,-259,0.81,-0.36,-0.42
DCM:0.91,-0.42,0.00,0.42,0.91,0.00,-0.00,-0.00,1.00
PRS:1017.58,-36.03,24.44
GPS:9, -37.866847, 145.072631, 0.481520, 6.790000, 31.000000
ANG:-0.05,0.05,25.08
AN:24,-105,-54,8,0,-260,0.81,-0.36,-0.42
DCM:0.91,-0.42,0.00,0.42,0.91,0.00,-0.00,-0.00,1.00
PRS:1017.58,-36.03,24.44
GPS:9, -37.866847, 145.072631, 0.481520, 6.790000, 31.000000
ANG:-0.04,0.07,25.06
AN:25,-108,-55,7,0,-258,0.81,-0.36,-0.42
DCM:0.91,-0.42,0.00,0.42,0.91,0.00,-0.00,-0.00,1.00
PRS:1017.58,-36.03,24.44
GPS:9, -37.866847, 145.072631, 0.481520, 6.790000, 31.000000
ANG:-0.03,0.06,25.04
AN:27,-106,-54,7,-1,-259,0.81,-0.36,-0.42
DCM:0.91,-0.42,0.00,0.42,0.91,0.00,-0.00,-0.00,1.00
PRS:1017.55,-35.74,24.43
GPS:9, -37.866847, 145.072631, 0.481520, 6.790000, 31.000000
ANG:-0.01,0.05,25.02
AN:25,-106,-54,7,0,-259,0.81,-0.37,-0.42
DCM:0.91,-0.42,0.00,0.42,0.91,0.00,-0.00,-0.00,1.00
PRS:1017.55,-35.74,24.43
GPS:9, -37.866847, 145.072631, 0.481520, 6.790000, 31.000000
ANG:-0.00,0.04,25.01
AN:26,-108,-54,7,0,-259,0.81,-0.37,-0.42
DCM:0.91,-0.42,0.00,0.42,0.91,0.00,-0.00,-0.00,1.00
PRS:1017.55,-35.74,24.43
GPS:9, -37.866847, 145.072631, 0.481520, 6.790000, 31.000000
ANG:-0.00,0.04,25.01
AN:25,-106,-55,7,0,-259,0.81,-0.37,-0.42
DCM:0.91,-0.42,0.00,0.42,0.91,0.00,-0.00,-0.00,1.00
PRS:1017.55,-35.75,24.43
GPS:9, -37.866847, 145.072631, 0.481520, 6.790000, 31.000000
ANG:-0.00,0.04,25.01
AN:25,-105,-53,7,0,-259,0.81,-0.37,-0.42
DCM:0.91,-0.42,0.00,0.42,0.91,0.00,-0.00,-0.00,1.00
PRS:1017.57,-35.90,24.43
GPS:9, -37.866847, 145.072631, 0.481520, 6.790000, 31.000000
ANG:0.00,0.03,24.96
AN:25,-106,-53,7,0,-258,0.81,-0.37,-0.42
DCM:0.91,-0.42,0.00,0.42,0.91,0.00,-0.00,0.00,1.00
PRS:1017.54,-35.66,24.43
GPS:9, -37.866847, 145.072631, 0.481520, 6.790000, 31.000000
ANG:0.00,0.03,24.95
AN:25,-106,-53,7,-1,-259,0.81,-0.37,-0.42
DCM:0.91,-0.42,0.00,0.42,0.91,0.00,-0.00,0.00,1.00
PRS:1017.54,-35.66,24.43
GPS:9, -37.866847, 145.072631, 0.481520, 6.790000, 31.000000
ANG:0.02,0.03,24.94
AN:24,-105,-54,8,1,-259,0.81,-0.37,-0.41
DCM:0.91,-0.42,0.00,0.42,0.91,-0.00,-0.00,0.00,1.00
PRS:1017.54,-35.66,24.43
GPS:9, -37.866847, 145.072631, 0.481520, 6.790000, 31.000000
ANG:-0.00,0.05,24.92
AN:25,-107,-55,7,0,-258,0.81,-0.37,-0.41
DCM:0.91,-0.42,0.00,0.42,0.91,0.00,-0.00,-0.00,1.00
PRS:1017.55,-35.72,24.43
GPS:9, -37.866847, 145.072631, 0.481520, 6.790000, 31.000000
ANG:0.00,0.04,24.91
AN:25,-107,-56,8,1,-259,0.81,-0.37,-0.41
DCM:0.91,-0.42,0.00,0.42,0.91,0.00,-0.00,0.00,1.00
PRS:1017.55,-35.72,24.43
GPS:9, -37.866847, 145.072631, 0.481520, 6.790000, 31.000000
ANG:-0.02,0.06,24.90
AN:25,-107,-54,8,1,-258,0.81,-0.37,-0.41
DCM:0.91,-0.42,0.00,0.42,0.91,0.00,-0.00,-0.00,1.00
PRS:1017.55,-35.72,24.43
GPS:9, -37.866847, 145.072631, 0.481520, 6.790000, 31.000000
ANG:-0.04,0.07,24.89
AN:24,-106,-53,7,-1,-259,0.81,-0.37,-0.41
DCM:0.91,-0.42,0.00,0.42,0.91,0.00,-0.00,-0.00,1.00
PRS:1017.55,-35.72,24.43
GPS:9, -37.866847, 145.072631, 0.481520, 6.790000, 31.000000
ANG:-0.01,0.06,24.88
AN:26,-108,-55,7,0,-259,0.81,-0.37,-0.41
DCM:0.91,-0.42,0.00,0.42,0.91,0.00,-0.00,-0.00,1.00
PRS:1017.64,-36.49,24.43
GPS:9, -37.866847, 145.072631, 0.481520, 6.790000, 31.000000
ANG:-0.01,0.06,24.87
AN:24,-105,-53,7,0,-259,0.81,-0.37,-0.41
DCM:0.91,-0.42,0.00,0.42,0.91,0.00,-0.00,-0.00,1.00
PRS:1017.64,-36.49,24.43
GPS:9, -37.866847, 145.072631, 0.481520, 6.790000, 31.000000
ANG:-0.01,0.05,24.86
AN:25,-106,-54,7,0,-259,0.81,-0.37,-0.41
DCM:0.91,-0.42,0.00,0.42,0.91,0.00,-0.00,-0.00,1.00
PRS:1017.64,-36.49,24.43
GPS:9, -37.866847, 145.072631, 0.481520, 6.790000, 31.000000
ANG:-0.01,0.05,24.84
AN:24,-105,-54,7,0,-259,0.81,-0.37,-0.41
DCM:0.91,-0.42,0.00,0.42,0.91,0.00,-0.00,-0.00,1.00
PRS:1017.64,-36.49,24.43
GPS:9, -37.866847, 145.072631, 0.481520, 6.790000, 31.000000
ANG:-0.01,0.05,24.83
AN:23,-103,-52,8,0,-259,0.81,-0.37,-0.41
DCM:0.91,-0.42,0.00,0.42,0.91,0.00,-0.00,-0.00,1.00
PRS:1017.55,-35.71,24.43
GPS:9, -37.866847, 145.072631, 0.481520, 6.790000, 31.000000
ANG:-0.01,0.07,24.82
AN:22,-104,-53,7,1,-259,0.81,-0.37,-0.41
DCM:0.91,-0.42,0.00,0.42,0.91,0.00,-0.00,-0.00,1.00
PRS:1017.55,-35.71,24.43
GPS:9, -37.866847, 145.072631, 0.481520, 6.790000, 31.000000
ANG:-0.03,0.06,24.81
AN:25,-106,-54,7,0,-259,0.81,-0.37,-0.41
DCM:0.91,-0.42,0.00,0.42,0.91,0.00,-0.00,-0.00,1.00
PRS:1017.55,-35.71,24.43
GPS:9, -37.866847, 145.072631, 0.481520, 6.790000, 31.000000
ANG:-0.03,0.05,24.79
AN:27,-109,-56,8,0,-258,0.81,-0.36,-0.42
DCM:0.91,-0.42,0.00,0.42,0.91,0.00,-0.00,-0.00,1.00
PRS:1017.55,-35.71,24.43
GPS:9, -37.866847, 145.072631, 0.481520, 6.790000, 31.000000
ANG:-0.02,0.07,24.78
AN:23,-105,-54,7,-1,-259,0.81,-0.36,-0.42
DCM:0.91,-0.42,0.00,0.42,0.91,0.00,-0.00,-0.00,1.00
PRS:1017.62,-36.29,24.43
GPS:9, -37.866847, 145.072631, 0.481520, 6.790000, 31.000000
ANG:0.00,0.06,24.77
AN:24,-106,-54,7,0,-259,0.81,-0.36,-0.42
DCM:0.91,-0.42,0.00,0.42,0.91,0.00,-0.00,0.00,1.00
PRS:1017.62,-36.29,24.43
GPS:9, -37.866847, 145.072631, 0.481520, 6.790000, 31.000000
ANG:0.00,0.06,24.76
AN:25,-104,-53,7,0,-258,0.81,-0.36,-0.42
DCM:0.91,-0.42,0.00,0.42,0.91,0.00,-0.00,0.00,1.00
PRS:1017.62,-36.29,24.43
GPS:9, -37.866847, 145.072631, 0.481520, 6.790000, 31.000000
ANG:0.00,0.05,24.75
AN:25,-107,-54,8,1,-259,0.81,-0.36,-0.42
DCM:0.91,-0.42,0.00,0.42,0.91,0.00,-0.00,0.00,1.00
PRS:1017.62,-36.29,24.43
GPS:9, -37.866847, 145.072631, 0.481520, 6.790000, 31.000000
ANG:-0.02,0.07,24.74
AN:24,-106,-53,8,1,-258,0.81,-0.36,-0.42
DCM:0.91,-0.42,0.00,0.42,0.91,0.00,-0.00,-0.00,1.00
PRS:1017.58,-35.99,24.43
GPS:9, -37.866847, 145.072631, 0.481520, 6.790000, 31.000000
ANG:-0.04,0.08,24.73
AN:26,-107,-54,8,-1,-259,0.81,-0.37,-0.42
DCM:0.91,-0.42,0.00,0.42,0.91,0.00,-0.00,-0.00,1.00
PRS:1017.58,-35.99,24.43
GPS:9, -37.866847, 145.072631, 0.481520, 6.790000, 31.000000
ANG:-0.01,0.10,24.72
AN:23,-104,-53,7,1,-259,0.81,-0.37,-0.42
DCM:0.91,-0.42,0.00,0.42,0.91,0.00,-0.00,-0.00,1.00
PRS:1017.58,-35.99,24.43
GPS:9, -37.866847, 145.072631, 0.481520, 6.790000, 31.000000
ANG:-0.07,0.07,24.71
AN:25,-106,-56,7,-1,-259,0.81,-0.37,-0.42
DCM:0.91,-0.42,0.00,0.42,0.91,0.00,-0.00,-0.00,1.00
PRS:1017.57,-35.90,24.43
GPS:9, -37.866847, 145.072631, 0.481520, 6.790000, 31.000000
ANG:-0.07,0.07,24.71
AN:25,-107,-55,8,1,-258,0.81,-0.37,-0.42
DCM:0.91,-0.42,0.00,0.42,0.91,0.00,-0.00,-0.00,1.00
PRS:1017.53,-35.58,24.43
GPS:9, -37.866840, 145.072631, 0.481520, 6.790000, 31.700000
ANG:-0.07,0.07,24.71
AN:25,-106,-54,7,-1,-258,0.81,-0.37,-0.42
DCM:0.91,-0.42,0.00,0.42,0.91,0.00,-0.00,-0.00,1.00
PRS:1017.55,-35.75,24.43
GPS:9, -37.866840, 145.072631, 0.481520, 6.790000, 31.700000
ANG:-0.04,0.06,24.71
AN:25,-107,-55,8,1,-258,0.81,-0.37,-0.42
DCM:0.91,-0.42,0.00,0.42,0.91,0.00,-0.00,-0.00,1.00
PRS:1017.55,-35.75,24.43
GPS:9, -37.866840, 145.072631, 0.481520, 6.790000, 31.700000
ANG:-0.06,0.08,24.71
AN:25,-106,-54,8,-1,-258,0.81,-0.37,-0.41
DCM:0.91,-0.42,0.00,0.42,0.91,0.00,-0.00,-0.00,1.00
PRS:1017.55,-35.75,24.42
GPS:9, -37.866840, 145.072631, 0.481520, 6.790000, 31.700000
ANG:-0.03,0.10,24.70
AN:26,-105,-55,7,-1,-259,0.81,-0.37,-0.41
DCM:0.91,-0.42,0.00,0.42,0.91,0.00,-0.00,-0.00,1.00
PRS:1017.58,-36.03,24.42
GPS:9, -37.866840, 145.072631, 0.481520, 6.790000, 31.700000
ANG:0.00,0.09,24.69
AN:26,-107,-54,7,1,-259,0.81,-0.37,-0.41
DCM:0.91,-0.42,0.00,0.42,0.91,0.00,-0.00,0.00,1.00
PRS:1017.58,-36.03,24.42
GPS:9, -37.866840, 145.072631, 0.481520, 6.790000, 31.700000
ANG:-0.02,0.08,24.69
AN:25,-107,-54,7,-1,-258,0.81,-0.37,-0.41
DCM:0.91,-0.42,0.00,0.42,0.91,0.00,-0.00,-0.00,1.00
PRS:1017.58,-36.03,24.42
GPS:9, -37.866840, 145.072631, 0.481520, 6.790000, 31.700000
ANG:0.01,0.07,24.68
AN:27,-108,-54,7,1,-259,0.81,-0.37,-0.41
DCM:0.91,-0.42,0.00,0.42,0.91,0.00,-0.00,0.00,1.00
PRS:1017.58,-36.03,24.42
GPS:9, -37.866840, 145.072631, 0.481520, 6.790000, 31.700000
ANG:-0.02,0.06,24.67
AN:24,-106,-53,8,0,-258,0.81,-0.37,-0.41
DCM:0.91,-0.42,0.00,0.42,0.91,0.00,-0.00,-0.00,1.00
PRS:1017.59,-36.09,24.42
GPS:9, -37.866840, 145.072631, 0.481520, 6.790000, 31.700000
ANG:-0.01,0.08,24.67
AN:25,-105,-54,7,1,-258,0.81,-0.37,-0.41
DCM:0.91,-0.42,0.00,0.42,0.91,0.00,-0.00,-0.00,1.00
PRS:1017.59,-36.09,24.42
GPS:9, -37.866840, 145.072631, 0.481520, 6.790000, 31.700000
ANG:-0.04,0.07,24.67
AN:24,-107,-53,7,0,-259,0.81,-0.37,-0.41
DCM:0.91,-0.42,0.00,0.42,0.91,0.00,-0.00,-0.00,1.00
PRS:1017.59,-36.09,24.42
GPS:9, -37.866840, 145.072631, 0.481520, 6.790000, 31.700000
ANG:-0.03,0.06,24.66
AN:24,-107,-54,7,0,-259,0.81,-0.37,-0.41
DCM:0.91,-0.42,0.00,0.42,0.91,0.00,-0.00,-0.00,1.00
PRS:1017.59,-36.09,24.42
GPS:9, -37.866840, 145.072631, 0.481520, 6.790000, 31.700000
ANG:-0.03,0.06,24.66
AN:23,-104,-54,7,-1,-258,0.81,-0.37,-0.41
DCM:0.91,-0.42,0.00,0.42,0.91,0.00,-0.00,-0.00,1.00
PRS:1017.56,-35.82,24.42
GPS:9, -37.866840, 145.072631, 0.481520, 6.790000, 31.700000
ANG:-0.00,0.05,24.65
AN:25,-107,-53,7,0,-259,0.81,-0.37,-0.41
DCM:0.91,-0.42,0.00,0.42,0.91,0.00,-0.00,-0.00,1.00
PRS:1017.56,-35.82,24.42
GPS:9, -37.866840, 145.072631, 0.481520, 6.790000, 31.700000
ANG:0.00,0.04,24.65
AN:27,-107,-55,8,1,-259,0.81,-0.37,-0.41
DCM:0.91,-0.42,0.00,0.42,0.91,0.00,-0.00,0.00,1.00
PRS:1017.56,-35.82,24.42
GPS:9, -37.866840, 145.072631, 0.481520, 6.790000, 31.700000
ANG:-0.02,0.06,24.64
AN:25,-106,-54,7,-1,-259,0.81,-0.36,-0.42
DCM:0.91,-0.42,0.00,0.42,0.91,0.00,-0.00,-0.00,1.00
PRS:1017.56,-35.82,24.42
GPS:9, -37.866840, 145.072631, 0.481520, 6.790000, 31.700000
ANG:0.00,0.06,24.64
AN:24,-105,-53,7,1,-259,0.81,-0.36,-0.42
DCM:0.91,-0.42,0.00,0.42,0.91,0.00,-0.00,0.00,1.00
PRS:1017.58,-35.95,24.43
GPS:9, -37.866840, 145.072631, 0.481520, 6.790000, 31.700000
ANG:-0.02,0.05,24.63
AN:23,-105,-53,7,0,-258,0.81,-0.36,-0.42
DCM:0.91,-0.42,0.00,0.42,0.91,0.00,-0.00,-0.00,1.00
PRS:1017.58,-35.95,24.43
GPS:9, -37.866840, 145.072631, 0.481520, 6.790000, 31.700000
ANG:-0.02,0.05,24.62
AN:24,-106,-54,7,-1,-259,0.81,-0.36,-0.42
DCM:0.91,-0.42,0.00,0.42,0.91,0.00,-0.00,-0.00,1.00
